50
250
24
35
21
31
43
46
28
17
35
75
20
100
92
11
23
48
21
26
86
44
53
44
51
69
23
38
18
19
4
19
54
87
84
77
56
57
3
96
16
17
43
91
62
94
58
6
35
47
37
68
41
96
6
90
98
12
9
39
64
45
58
74
14
60
23
78
30
76
81
37
39
58
5
97
12
82
27
51
85
26
3
93
80
12
48
88
89
25
16
16
50
41
100
50
72
6
47
100
33
96
30
82
15
45
76
59
33
45
71
93
1
94
58
3
8
80
58
47
32
50
61
44
46
15
79
46
35
40
33
50
15
57
8
10
1
60
58
44
51
84
99
24
39
64
14
68
99
88
54
13
54
41
91
59
61
73
1
79
72
60
74
92
80
88
50
34
23
51
51
28
65
44
72
11
20
40
60
84
13
75
12
66
8
30
48
35
48
95
80
96
49
22
40
9
97
40
55
83
21
6
88
14
86
84
48
72
73
10
79
57
30
3
2
43
22
59
22
100
1
75
21
90
54
31
17
76
83
85
22
30
29
68
25
46
26
9
52
18
6
32
16
1
5
41
78
88
87
18
74
100
